%YAML:1.0
mat1: !!opencv-matrix
   rows: 3
   cols: 3
   dt: d
   data: [ 1520.4, 0., 302.320, 0., 1520.4,
       246.87, 0., 0., 1. ]
