%YAML:1.0
mat1: !!opencv-matrix
   rows: 3
   cols: 3
   dt: d
   data: [7.5281541021880021e+03, 0., 2.1435000000000000e+03, 0.,
         7.5281541021880021e+03, 1.4235000000000000e+03, 0., 0., 1.]
