%YAML:1.0
mat1: !!opencv-matrix
   rows: 1
   cols: 5
   dt: d
   data: [9.0391853807811812e-02, -9.8342860614651706e-01, 0., 0., 4.8203586917500880e+00] 
