%YAML:1.0
mat1: !!opencv-matrix
   rows: 3
   cols: 3
   dt: d
   data: [2759.48, 0, 1520.69, 
     0, 2764.16, 1006.81,
     0, 0, 1 ] 
